                          STATITICAL TABLE

+---------------+---------------+---------------+---------------+---------------+
|   ALIGNMENT   |  SUM BY HAND  | SUM BY MACHINE|CORR ALIGNMENT |CORR PERCENTAGE|
+---------------+---------------+---------------+---------------+---------------+
|  0 - 0		| 0 			| 0 			| 0 			| 0.0			|
+---------------+---------------+---------------+---------------+---------------+
|  0 - 1		| 27 			| 0 			| 0 			| 0.0			|
+---------------+---------------+---------------+---------------+---------------+
|  0 - 2		| 0 			| 0 			| 0 			| 0.0			|
+---------------+---------------+---------------+---------------+---------------+
|  0 - 3		| 0 			| 0 			| 0 			| 0.0			|
+---------------+---------------+---------------+---------------+---------------+
|  0 - 4		| 0 			| 0 			| 0 			| 0.0			|
+---------------+---------------+---------------+---------------+---------------+
|  0 - 5		| 0 			| 0 			| 0 			| 0.0			|
+---------------+---------------+---------------+---------------+---------------+
|  0 - 6		| 0 			| 0 			| 0 			| 0.0			|
+---------------+---------------+---------------+---------------+---------------+
|  1 - 0		| 10 			| 7 			| 0 			| 0.0			|
+---------------+---------------+---------------+---------------+---------------+
|  1 - 1		| 4151 			| 4149 			| 3980 			| 95.88			|
+---------------+---------------+---------------+---------------+---------------+
|  1 - 2		| 139 			| 181 			| 119 			| 85.61			|
+---------------+---------------+---------------+---------------+---------------+
|  1 - 3		| 14 			| 7 			| 4 			| 28.57			|
+---------------+---------------+---------------+---------------+---------------+
|  1 - 4		| 2 			| 0 			| 0 			| 0.0			|
+---------------+---------------+---------------+---------------+---------------+
|  1 - 5		| 0 			| 0 			| 0 			| 0.0			|
+---------------+---------------+---------------+---------------+---------------+
|  1 - 6		| 0 			| 0 			| 0 			| 0.0			|
+---------------+---------------+---------------+---------------+---------------+
|  2 - 0		| 0 			| 0 			| 0 			| 0.0			|
+---------------+---------------+---------------+---------------+---------------+
|  2 - 1		| 250 			| 277 			| 196 			| 78.4			|
+---------------+---------------+---------------+---------------+---------------+
|  2 - 2		| 11 			| 0 			| 0 			| 0.0			|
+---------------+---------------+---------------+---------------+---------------+
|  2 - 3		| 0 			| 0 			| 0 			| 0.0			|
+---------------+---------------+---------------+---------------+---------------+
|  2 - 4		| 0 			| 0 			| 0 			| 0.0			|
+---------------+---------------+---------------+---------------+---------------+
|  2 - 5		| 0 			| 0 			| 0 			| 0.0			|
+---------------+---------------+---------------+---------------+---------------+
|  2 - 6		| 0 			| 0 			| 0 			| 0.0			|
+---------------+---------------+---------------+---------------+---------------+
|  3 - 0		| 0 			| 0 			| 0 			| 0.0			|
+---------------+---------------+---------------+---------------+---------------+
|  3 - 1		| 40 			| 47 			| 23 			| 57.5			|
+---------------+---------------+---------------+---------------+---------------+
|  3 - 2		| 5 			| 0 			| 0 			| 0.0			|
+---------------+---------------+---------------+---------------+---------------+
|  3 - 3		| 0 			| 0 			| 0 			| 0.0			|
+---------------+---------------+---------------+---------------+---------------+
|  3 - 4		| 0 			| 0 			| 0 			| 0.0			|
+---------------+---------------+---------------+---------------+---------------+
|  3 - 5		| 0 			| 0 			| 0 			| 0.0			|
+---------------+---------------+---------------+---------------+---------------+
|  3 - 6		| 0 			| 0 			| 0 			| 0.0			|
+---------------+---------------+---------------+---------------+---------------+
|  4 - 0		| 0 			| 0 			| 0 			| 0.0			|
+---------------+---------------+---------------+---------------+---------------+
|  4 - 1		| 10 			| 0 			| 0 			| 0.0			|
+---------------+---------------+---------------+---------------+---------------+
|  4 - 2		| 2 			| 0 			| 0 			| 0.0			|
+---------------+---------------+---------------+---------------+---------------+
|  4 - 3		| 0 			| 0 			| 0 			| 0.0			|
+---------------+---------------+---------------+---------------+---------------+
|  4 - 4		| 0 			| 0 			| 0 			| 0.0			|
+---------------+---------------+---------------+---------------+---------------+
|  4 - 5		| 0 			| 0 			| 0 			| 0.0			|
+---------------+---------------+---------------+---------------+---------------+
|  4 - 6		| 0 			| 0 			| 0 			| 0.0			|
+---------------+---------------+---------------+---------------+---------------+
|  5 - 0		| 0 			| 0 			| 0 			| 0.0			|
+---------------+---------------+---------------+---------------+---------------+
|  5 - 1		| 0 			| 0 			| 0 			| 0.0			|
+---------------+---------------+---------------+---------------+---------------+
|  5 - 2		| 0 			| 0 			| 0 			| 0.0			|
+---------------+---------------+---------------+---------------+---------------+
|  5 - 3		| 0 			| 0 			| 0 			| 0.0			|
+---------------+---------------+---------------+---------------+---------------+
|  5 - 4		| 0 			| 0 			| 0 			| 0.0			|
+---------------+---------------+---------------+---------------+---------------+
|  5 - 5		| 0 			| 0 			| 0 			| 0.0			|
+---------------+---------------+---------------+---------------+---------------+
|  5 - 6		| 0 			| 0 			| 0 			| 0.0			|
+---------------+---------------+---------------+---------------+---------------+
|  6 - 0		| 0 			| 0 			| 0 			| 0.0			|
+---------------+---------------+---------------+---------------+---------------+
|  6 - 1		| 1 			| 0 			| 0 			| 0.0			|
+---------------+---------------+---------------+---------------+---------------+
|  6 - 2		| 0 			| 0 			| 0 			| 0.0			|
+---------------+---------------+---------------+---------------+---------------+
|  6 - 3		| 0 			| 0 			| 0 			| 0.0			|
+---------------+---------------+---------------+---------------+---------------+
|  6 - 4		| 0 			| 0 			| 0 			| 0.0			|
+---------------+---------------+---------------+---------------+---------------+
|  6 - 5		| 0 			| 0 			| 0 			| 0.0			|
+---------------+---------------+---------------+---------------+---------------+
|  6 - 6		| 0 			| 0 			| 0 			| 0.0			|
+---------------+---------------+---------------+---------------+---------------+
Precision= 95.27347%
Recall= 95.3765%
Correct sentence align percentage=92.70699%
